6205147137
6239191742
6239803404
6266337726
6280085774
6290538025
6291391081
6301187979
7002146715
7002725846
7003557287
7003714479
7004057611
7004217704
7007294807
7011527914
7015983144
7021799691
7021885063
7037643970
7038416738
7085681091
7288009925
7291088116
7304681504
7351830249
7409763520
7415125239
7417439109
7417738226
7595838261
7605000966
7691085528
7728990060
7738660207
7738708964
7807552411
7841082620
7899332603
7903711070
7905936494
7973824472
7980204350
7982037975
8090575216
8116623004
8292122878
8419850832
8452968151
8460464600
8512026121
8521044227
8527827369
8618115574
8684834518
8779145270
8789767962
8800530995
8810214292
8826607982
8847817930
8882992849
8920851346
8956934479
8961263398
8975552224
9028976791
9040512911
9064994896
9073872824
9102939195
9146104588
9171954965
9172336162
9310429983
9311876156
9321436299
9324093207
9330936894
9404486994
9405953098
9417606628
9428953334
9430221971
9433289235
9450530284
9508212112
9515706089
9540711382
9568689928
9582738369
9599512513
9602230717
9619138289
9650521966
9654404070
9655477844
9660551520
9667670608
9667721418
9669826536
9695273969
9702283402
9811983510
9833015449
9870136247
9878619382
9883641757
9897932887
9907920945
9911739446
9917766621